RBCS with m: 12, n: 6
-------------------------
GorD: 0.02
-------------------------
-5.567445834128403
-4.783376231113245
-4.781076145814482
-3.9908367050959286
-3.992692251103664
-3.9881411096112807
-3.1915796213439758
-3.1915825900182178
-3.194941152883231
-3.188105264058733
-2.389258936067509
-2.3892591066915316
-2.389273838341204
-2.3938614642114935
-2.3884675763461884
-1.6393843519661657
-1.639384685383152
-1.6393847639996857
-1.639444952888799
-1.640376587852191
-1.6393830600292323
-0.012145117378476268
-0.012144048408830455
-0.012146663470773747
-0.012143577411948488
-0.026505837175607568
-0.012099289555264023
-0.008243842883155257
-0.00824305146436714
-0.008243992819356992
-0.015728594438701105
-0.008219363237205235
-0.006239529331456903
-0.0062393342361545924
-0.010331229024696974
-0.006223702557539542
-0.005019140149774917
-0.00713625832591663
-0.00500821363382796
-0.005055292441783254
-0.004189741705809856
-0.003602004623546715
-------------------------
GorD: 0.04
-------------------------
-5.566971983641249
-4.783922780613633
-4.7796149478232515
-3.9908436282463065
-3.9944161700408944
-3.9853701146056046
-3.1915796213439758
-3.1916140859019775
-3.198314794858498
-3.1857344435422665
-2.389258936067509
-2.389259112207978
-2.3893822075266797
-2.396789440726116
-2.3989093502133167
-1.6393843519661657
-1.639384685383152
-1.639385040084931
-1.6397770840435608
-1.6244339768790463
-1.6391797262273424
-0.012145117378476268
-0.012144048408830455
-0.012146663470773747
-0.012232020674477328
-0.0476439978138646
-0.025187932754738865
-0.008243842883155257
-0.00824305146436714
-0.008265247224063932
-0.03369581264657894
-0.017009057420329474
-0.006239529331456903
-0.006243318788159186
-0.02769847143690946
-0.01283986418569498
-0.005020030725361623
-0.022696525953026243
-0.010309894461895666
-0.015360465733753622
-0.008613765988338603
-0.0073978540452765956
